min: 0.0
max: 1.0
mean: 0.00629830579788
variance: 0.0992154969366
Time: 63.7030000687
